----------------------------------------------------------------------
State of RF after executing cycle:0
0
0
0
0
0
0
0
0
0
0
0
0
0
0
0
0
0
0
0
0
0
0
0
0
0
0
0
0
0
0
0
0
----------------------------------------------------------------------
State of RF after executing cycle:1
0
0
0
0
0
0
0
0
0
0
0
1
0
0
0
0
0
0
0
0
0
0
0
0
0
0
0
0
0
0
0
0
----------------------------------------------------------------------
State of RF after executing cycle:2
0
0
0
0
0
0
0
0
0
0
0
1
2
0
0
0
0
0
0
0
0
0
0
0
0
0
0
0
0
0
0
0
----------------------------------------------------------------------
State of RF after executing cycle:3
0
0
0
0
0
0
0
0
0
0
0
1
2
3
0
0
0
0
0
0
0
0
0
0
0
0
0
0
0
0
0
0
----------------------------------------------------------------------
State of RF after executing cycle:4
0
0
0
0
0
0
0
0
0
0
0
1
2
3
0
0
0
0
0
0
0
0
0
0
0
0
0
0
0
0
0
0
